0 478 88 41 123 
1 478 86 42 125 
2 479 85 42 126 
3 
4 480 85 41 125 
5 480 84 42 127 
6 480 85 43 125 
7 480 83 46 127 
8 480 83 46 125 
9 479 82 49 128 
10 475 84 54 126 
11 475 84 53 126 
12 476 85 52 124 
13 476 84 50 126 
14 477 82 48 128 
15 478 82 46 129 
16 478 83 45 127 
17 479 84 43 125 
18 479 84 43 126 
19 479 84 42 126 
20 479 85 42 124 
21 480 86 40 122 
22 480 85 41 123 
23 479 85 41 123 
24 
25 
26 
27 
28 
29 
30 
31 
32 
33 
34 
35 
36 
37 
38 478 87 42 121 
39 
40 
41 
42 
43 
44 
45 
46 
47 
48 
49 
50 
51 
52 
53 
54 
55 
56 
57 
58 
59 
60 
61 
62 
63 
64 
65 
66 
67 
68 
69 
70 
71 
72 
73 
74 
75 
76 
77 
78 
79 
80 
81 
82 
83 
84 
85 
86 
87 
88 
89 
90 
91 
92 
93 
94 
95 
96 
97 475 87 45 129 
98 
99 475 90 47 126 
100 475 90 46 124 
101 475 87 44 128 
102 475 87 44 128 
103 475 88 44 127 
104 476 89 42 128 
105 477 90 44 127 
106 476 89 45 127 
107 477 90 46 129 
108 
109 
110 
111 
112 476 89 50 133 
113 
114 
115 
116 477 89 49 135 
117 
118 
119 
120 
121 
122 
123 
124 
125 
126 
127 
128 
129 
130 
131 
132 
133 
134 
135 
136 
137 
138 
139 470 93 40 126 
140 470 94 40 125 
141 471 96 40 124 
142 
143 
144 
145 
146 
147 
148 
149 
150 
151 
152 
153 
154 475 90 45 146 
155 473 90 48 145 
156 474 91 47 144 
157 473 93 47 140 
158 471 95 49 134 
159 471 94 50 135 
160 472 99 48 128 
161 472 97 48 134 
162 473 98 46 135 
163 474 97 46 137 
164 474 97 46 136 
165 474 96 46 138 
166 474 97 46 135 
167 475 97 45 136 
168 475 97 45 137 
169 474 99 46 131 
170 474 99 47 129 
171 474 99 46 129 
172 474 98 45 132 
173 475 99 44 132 
174 475 99 44 133 
175 474 98 45 133 
176 475 98 43 133 
177 474 98 44 135 
178 474 100 44 134 
179 473 99 46 134 
180 472 101 48 127 
181 464 102 51 127 
182 464 102 51 126 
183 464 102 51 126 
184 464 102 50 125 
185 465 102 49 124 
186 465 102 49 122 
187 465 103 48 120 
188 465 103 49 123 
189 465 103 49 125 
190 465 103 49 129 
191 464 103 50 128 
192 464 104 50 127 
193 464 104 50 128 
194 464 104 50 128 
195 464 105 50 124 
196 463 105 51 126 
197 464 105 51 123 
198 463 106 52 121 
199 467 99 54 129 
200 468 99 53 132 
201 469 98 52 133 
202 469 96 52 135 
203 464 100 51 127 
204 464 100 51 127 
205 465 100 49 128 
206 465 99 49 128 
207 465 99 48 129 
208 465 101 49 128 
209 465 102 48 128 
210 466 104 48 128 
211 466 108 46 122 
212 466 110 47 119 
213 465 110 47 118 
214 464 109 47 120 
215 464 106 47 122 
216 462 106 47 122 
217 461 106 48 123 
218 461 106 48 124 
219 461 105 49 126 
220 461 104 50 124 
221 461 107 49 119 
222 461 108 49 119 
223 461 107 49 122 
224 461 107 49 123 
225 459 106 50 123 
226 459 105 51 124 
227 458 105 51 125 
228 458 106 52 125 
229 458 104 51 127 
230 457 104 52 127 
231 458 104 51 126 
232 
233 457 104 51 125 
234 
235 457 105 51 123 
236 457 100 50 131 
237 457 101 51 131 
238 456 100 51 134 
239 455 101 51 131 
240 454 101 51 129 
241 455 99 51 133 
242 455 98 51 135 
243 456 98 51 136 
244 456 99 50 135 
245 455 98 50 137 
246 454 98 51 137 
247 452 97 52 138 
248 453 96 51 139 
249 451 95 51 139 
250 449 93 52 142 
251 448 92 52 144 
252 448 91 51 146 
253 448 91 51 146 
254 447 92 53 143 
255 445 94 55 140 
256 444 92 55 141 
257 446 91 54 145 
258 445 91 54 146 
259 445 91 55 145 
260 445 93 56 143 
261 445 94 55 143 
262 445 95 55 141 
263 445 96 56 139 
264 445 96 55 138 
265 444 96 56 138 
